9.663899880208630222e+00 9.434982259446746511e+00
2.248181355775034973e+00 1.198965659496660230e+00
1.364382078843613399e+00 8.998331971884709901e-02
8.174415210260834286e+00 6.540456127461995450e+00
7.015965388951986625e+00 4.977539637759539559e+00
6.114479930486745651e+00 6.861194280863890604e+00
2.141245353666630713e+00 2.342972815510935281e+00
5.746208779160822289e+00 3.820394410009040342e+00
7.938525694797691656e+00 6.321977542681663564e+00
7.550141822684611981e+00 3.190631492134553326e+00
7.359802590577746439e-01 1.340275873229764825e+00
6.460064563065777143e+00 8.009045159361072308e+00
6.698622399289277496e+00 7.658560042025095882e+00
6.673806756791855754e+00 2.530955257860322050e+00
7.310839113448805549e+00 5.020596529488349447e+00
5.287222608378226774e+00 2.679758793860673727e+00
4.472629106724284931e+00 1.728136586092640092e+00
5.419498040965301300e+00 8.499640646627170781e+00
8.230612989913780098e+00 8.488879248142298550e+00
3.672297603320747506e+00 4.563535171734161899e+00
4.540414909342552541e+00 5.033284442042745610e+00
1.322934232592911652e+00 2.091751406458405071e+00
7.964812174628399077e+00 2.983456774113517618e+00
4.833296256055739981e+00 2.419221022863948800e+00
5.020088122481470627e+00 6.395559723722781698e+00
2.036824703198814923e+00 1.966007264190349213e+00
4.552113661003604150e+00 2.299705636590088087e+00
1.333218445437202027e+00 2.086017927450014575e+00
2.284209544171595940e+00 4.947983976844341214e+00
1.562529907093345161e+00 2.684161405622807806e+00
1.172653762511846054e+00 2.373145381146954058e+00
4.375782655286405642e+00 3.884761490817027152e+00
3.016731642141010639e+00 3.575375750545417564e+00
5.185310006321728338e+00 7.196526872747202930e+00
7.398609600302242129e+00 6.184746216265529561e+00
5.715030782776552520e+00 8.270341847426557536e+00
3.318610071204133316e+00 3.867026888348239488e+00
7.277625229441203381e+00 2.926925388478767154e+00
8.149007011161923941e-01 1.071143281120261470e+00
5.352026449884217385e+00 3.597569329541259187e+00
5.633447177341547096e+00 5.221460669292556922e+00
4.923062511202149771e+00 5.284268152272567853e+00
6.464157555782369613e+00 7.702024682824466950e+00
8.232449825935720611e+00 8.015886962368183433e+00
9.424534270904709743e+00 7.291016504819740618e+00
5.819149872208687846e+00 7.555484427864871400e+00
4.970277355059757873e+00 6.216103311987456692e+00
9.554069913635899525e+00 7.464759707707528058e+00
8.031193587917917487e-01 7.831820235801223440e-01
3.138712124627176525e+00 4.166186345390441303e+00
9.880044753038041971e-01 2.378129676363653910e+00
7.463136029701423979e+00 9.555470310024581693e+00
2.603179643755146877e+00 1.994385615797635847e+00
4.252819238876737629e+00 2.332049261795318351e+00
9.823531790430301669e+00 7.416146697878744476e+00
7.132834949214793774e+00 7.341404682994729036e+00
5.149489748343164308e+00 1.958448267852236357e+00
8.229534051892809288e+00 5.560269318531362082e+00
7.164439420748603737e+00 4.496168708654182389e+00
9.635533736731492382e+00 9.099070166159538786e+00
8.926162092171960438e+00 9.830809060916966047e+00
5.588971465009735518e+00 9.175571596336055791e+00
6.290419755959400838e+00 7.953545717166406348e+00
4.763064242865043596e+00 6.345036001966130712e+00
2.572215589250398615e+00 3.270742395050285634e+00
1.451547927963581230e+00 5.676471348398115513e-01
2.484773669099332949e+00 2.679638753917515714e+00
9.968913125443965129e+00 5.008266219575368439e+00
4.705027731644245925e+00 9.084735381355747208e+00
7.520843919724862658e+00 5.444850056647227099e+00
3.461098147063475849e+00 4.961566702770388027e+00
3.868730964415767470e+00 6.133280146918171916e+00
1.645775785674421510e+00 9.259045958905753881e-01
5.413684213701754011e+00 4.401060139820772932e+00
6.095738462825554649e+00 2.447513888671986049e+00
6.099136940178292221e+00 8.502195290087785295e+00
2.934245110969700754e+00 5.788434110268655175e+00
4.597195822628478368e+00 1.831040098377083591e+00
4.961348197800639070e+00 7.784018684536259336e+00
7.789126859798307656e+00 3.843951888807194628e+00
4.634806185952648150e+00 7.687363527921114326e+00
4.422020341208653171e+00 2.705905396479350244e+00
1.241091566172042304e+00 2.160729342791913865e+00
8.101570544122571604e-01 3.239745601025922905e-01
9.899599965719536598e+00 5.493460833412619593e+00
3.170126662661373551e+00 7.098287860432450636e-01
4.138135982331087703e+00 1.295023465882173541e+00
7.242323130183955016e+00 3.906461712218352922e+00
7.704710438425868446e+00 8.856365527722326547e+00
9.242036824033398545e+00 7.355560072648365200e+00
6.834867331834990622e+00 3.880536701257301324e+00
6.846084345103325752e+00 9.273567481983700844e+00
4.290717260619034690e+00 8.934865425537640959e+00
3.001068272919590108e+00 6.475208816320408012e+00
9.945646173206789342e+00 8.010320699456942251e+00
2.492310771809479242e+00 2.108446311672716789e+00
7.291831680085307354e+00 9.225523265440795484e+00
1.943369723417442962e+00 1.085571144970136626e+00
8.981999888814925725e+00 6.636003446419012519e+00
3.460121310573660569e-01 9.644817811851114087e-02
8.422333283193525588e+00 5.005308743660964232e+00
9.263204222689875422e+00 8.159321964724011167e+00
4.988609269591968598e+00 4.626502912965494652e+00
3.165404021169933912e+00 2.281212598702100358e+00
4.888353953336485702e+00 7.037333711024516880e+00
3.600799959043276210e+00 4.083249265098691794e+00
1.661279404025448603e+00 3.021433426394270150e+00
4.441734454148948963e+00 9.256277705413877399e+00
5.599464380316411471e+00 4.083126586897058097e+00
5.201665505268085354e+00 2.720736750353359490e+00
3.021988719711896643e+00 5.323589640442728310e+00
2.903530691398992225e-01 1.094103448954983904e+00
6.427606563222715508e+00 7.670115467294481348e+00
3.714134022796553580e+00 3.362382861152006797e+00
8.429399710132805978e+00 7.531605988529339157e+00
3.815560469200602878e+00 5.121049332360250617e+00
3.894336263054132274e+00 5.448585302758555571e+00
8.712135809615398685e+00 4.376839226770174562e+00
9.022832439679977057e+00 8.947527799487136946e+00
7.094525645845159545e+00 4.060183093360722140e+00
7.596954918775624677e+00 6.556013687081226671e+00
7.709004525538868613e+00 3.273752892899837175e+00
1.797953906721487805e+00 4.579843334375710562e-01
3.780001466047515635e+00 7.043516017591278988e+00
5.918591142628456758e+00 2.287452696375630090e+00
7.344353354164532277e+00 4.793126698828063859e+00
5.879741684887921593e+00 9.794546674171540346e+00
4.618900660978607853e+00 5.097848548791179546e+00
8.623814354061625664e+00 7.421223983121988610e+00
5.589541963494979449e+00 7.513338675437285730e+00
8.963157689698546093e+00 5.856267274967593472e+00
5.514546197825528573e+00 3.842267620477592960e+00
6.077367364888839774e+00 2.902050927461409024e+00
8.536005738741284432e+00 6.935431779330254898e+00
9.381025171824248332e+00 5.361084470780962619e+00
7.127707623050526742e+00 5.806863724980050989e+00
3.442122100723944200e+00 6.072454284074781938e+00
