3.1181403610961
5.812028576751707
3.8874586291381217
6.797604695104824
5.946881861825293
7.2246579636404
5.392266621244545
9.815437941189552
0.4210542360233016
9.515517367901015
4.248574335523747
7.427817727990334
1.9652217819321416
9.315801271790434
1.4402303766362412
7.770177190303352
1.006682264064619
8.536308464098797
0.615595654579334
3.2235969593155067
3.8479193281154878
9.601438277468104
2.8229880717492453
5.037270625526075
4.312654680852813
7.324633784239445
1.3553807694681175
7.06720239293797
0.32921843577657595
0.9714712701272665
0.9003656556524797
5.129431403422194
0.7820433074366873
8.862034323583353
2.5797830267179545
8.589918007048713
1.8940684808216557
8.44624776486285
1.02044362230024
1.523394129605925
0.4782947379263336
2.040018369250035
3.863536178790951
6.588456570251463
4.0309820980051985
8.475804065783802
1.8502982671991541
6.697087482519354
6.152997854535968
9.881475167970649
0.7417438376359864
8.425362296994294
0.36638090509050314
2.3069411071571535
5.468489042367849
7.432221933016781
4.70157509929014
5.365740089399838
7.1576530275791725
8.069353445076343
1.7148170606684232
8.811299228702316
6.370844147586748
9.70153719181001
6.825893569531322
9.408791439697836
5.340537053466655
8.24374632005848
3.39674998234355
4.231341422572424
0.13485840579914088
5.447505634464944
2.0377150113290208
3.8851262362291648
5.570918389298533
8.90852061528199
2.067304466402021
4.028118676681655
2.8002607603130194
5.082738176708002
2.4761647514036476
3.4147804853619066
1.6426289956656248
4.843989094805111
1.6106474279337235
2.7009002573932084
2.5614373470827214
5.123413510401958
6.317928340581524
9.88777813711412
3.3624875834950396
9.388761360833195
3.961321040767498
4.787421167830098
2.4774205262817404
5.812334202553765
2.7069628734161553
3.439520551812741
0.7121577703094528
9.331044050492503
5.352972813685032
6.553644536240231
0.1211777034174244
6.98448922378503
0.5072040368447361
1.6025369118385402
7.21108213473833
9.20116999561168
8.714653307049845
9.554590319383646
5.314463943577634
7.128888037581891
0.7663777880324885
3.6610813118125405
0.9270724783064421
7.444062822889897
4.291048050887537
9.558123423943938
3.8963485637511184
4.6683232569491135
5.310566987945027
8.33581248340186
2.9535851175353978
3.8461645595791607
0.3136227331725905
8.338330993733093
1.5066448392588205
4.4088109528932
4.565580597840785
8.444697747523612
0.10441150696704593
0.6740138173899735
7.462842172201042
8.77614852644196
2.50052733570557
7.018442047743211
0.6437973735580271
5.817411398241733
6.47034764042308
7.700515171801669
7.28911002307748
9.486768666991047
1.3593628859948514
3.2914696627911066
7.912586024103355
9.054015224868103
1.6589898298381267
5.623455122835046
0.8948404769186558
8.751808227337593
0.8714370536389415
1.7746918239121545
2.497742491463182
6.293830404011961
4.410379186251592
5.490457754859306
8.649203231659317
9.481357199950281
2.7586560991684195
5.846577493542266
0.37440333412321225
2.8842370449792707
1.04383752703051
2.160187586223832
1.2955891294687216
6.401863429021145
0.8025221976132302
9.79787614368803
0.520560016575099
1.0212897472156468
8.902023616801609
9.804358918082691
0.35918302355412823
4.927020064068806